1000	0.00014
1100	0.00014
1200	0.00017
1300	0.00018
1400	0.00019
1500	0.00022
1600	0.00022
1700	0.00025
1800	0.00025
1900	0.00028
2000	0.00029
2100	0.00032
2200	0.00032
2300	0.00034
2400	0.00036
2500	0.00039
2600	0.00038
2700	0.00041
2800	0.00042
2900	0.00044
3000	0.00045
3100	0.00047
3200	0.00049
3300	0.00051
3400	0.00052
3500	0.00055
3600	0.00055
3700	0.00057
3800	0.00059
3900	0.0006
4000	0.00063
4100	0.00063
4200	0.00066
4300	0.00068
4400	0.00069
4500	0.00072
4600	0.00074
4700	0.00075
4800	0.00077
4900	0.0008
5000	0.00085
5100	0.00081
5200	0.00083
5300	0.00086
5400	0.00087
5500	0.00088
5600	0.00089
5700	0.00092
5800	0.00095
5900	0.00097
6000	0.00101
6100	0.001
6200	0.00103
6300	0.00105
6400	0.00105
6500	0.0011
6600	0.0011
6700	0.00111
6800	0.00111
6900	0.00117
7000	0.00115
7100	0.00116
7200	0.00117
7300	0.00123
7400	0.00123
7500	0.00124
7600	0.00125
7700	0.00127
7800	0.0013
7900	0.0013
8000	0.00133
8100	0.00137
8200	0.00137
8300	0.00138
8400	0.0014
8500	0.00142
8600	0.00145
8700	0.00147
8800	0.00151
8900	0.00151
9000	0.00151
9100	0.00153
9200	0.00155
9300	0.00156
9400	0.00164
9500	0.00163
9600	0.00163
9700	0.00164
9800	0.00167
9900	0.00167
10000	0.002
11000	0.002
12000	0.002
13000	0.002
14000	0.002
15000	0.003
16000	0.003
17000	0.003
18000	0.003
19000	0.003
20000	0.004
21000	0.003
22000	0.004
23000	0.005
24000	0.004
25000	0.005
26000	0.005
27000	0.005
28000	0.005
29000	0.005
30000	0.006
31000	0.006
32000	0.006
33000	0.006
34000	0.006
35000	0.006
36000	0.007
37000	0.007
38000	0.007
39000	0.008
40000	0.008
41000	0.008
42000	0.008
43000	0.008
44000	0.008
45000	0.009
46000	0.009
47000	0.009
48000	0.009
49000	0.01
50000	0.009
51000	0.01
52000	0.011
53000	0.011
54000	0.01
55000	0.01
56000	0.011
57000	0.011
58000	0.012
59000	0.011
60000	0.012
61000	0.012
62000	0.013
63000	0.012
64000	0.013
65000	0.013
66000	0.012
67000	0.014
68000	0.014
69000	0.014
70000	0.014
71000	0.014
72000	0.014
73000	0.015
74000	0.015
75000	0.015
76000	0.015
77000	0.016
78000	0.016
79000	0.016
80000	0.016
81000	0.016
82000	0.016
83000	0.018
84000	0.017
85000	0.018
86000	0.017
87000	0.019
88000	0.018
89000	0.018
90000	0.019
91000	0.018
92000	0.019
93000	0.019
94000	0.019
95000	0.019
96000	0.02
97000	0.02
98000	0.02
99000	0.021
100000	0.02
110000	0.022
120000	0.026
130000	0.026
140000	0.03
150000	0.03
160000	0.036
170000	0.036
180000	0.038
190000	0.04
200000	0.044
210000	0.046
220000	0.048
230000	0.05
240000	0.052
250000	0.056
260000	0.056
270000	0.06
280000	0.062
290000	0.064
300000	0.066
310000	0.07
320000	0.07
330000	0.074
340000	0.074
350000	0.08
360000	0.08
370000	0.084
380000	0.086
390000	0.086
400000	0.09
410000	0.094
420000	0.094
430000	0.098
440000	0.1
450000	0.102
460000	0.104
470000	0.106
480000	0.11
490000	0.112
500000	0.114
510000	0.116
520000	0.118
530000	0.122
540000	0.124
550000	0.128
560000	0.13
570000	0.13
580000	0.136
590000	0.136
600000	0.14
610000	0.142
620000	0.142
630000	0.148
640000	0.146
650000	0.154
660000	0.154
670000	0.154
680000	0.164
690000	0.16
700000	0.162
710000	0.164
720000	0.17
730000	0.172
740000	0.174
750000	0.176
760000	0.182
770000	0.182
780000	0.182
790000	0.188
800000	0.186
810000	0.19
820000	0.192
830000	0.196
840000	0.198
850000	0.2
860000	0.202
870000	0.206
880000	0.208
890000	0.21
900000	0.21
910000	0.214
920000	0.216
930000	0.218
940000	0.22
950000	0.224
960000	0.224
970000	0.232
980000	0.23
990000	0.232
1000000	0.236
1010000	0.24
1110000	0.26
1210000	0.29
1310000	0.315
1410000	0.33
1510000	0.36
1610000	0.385
1710000	0.415
1810000	0.435
1910000	0.465
2010000	0.485
2110000	0.515
2210000	0.535
2310000	0.59
2410000	0.595
2510000	0.625
2610000	0.64
2710000	0.685
2810000	0.705
2910000	0.745
3010000	0.755
3110000	0.795
3210000	0.84
3310000	0.83
3410000	0.86
3510000	0.89
3610000	0.9
3710000	0.91
3810000	0.945
3910000	0.98
4010000	1.02
