1000	9e-05
1100	0.0001
1200	0.00011
1300	0.00012
1400	0.00014
1500	0.00014
1600	0.00015
1700	0.00016
1800	0.00017
1900	0.00019
2000	0.00019
2100	0.0002
2200	0.00022
2300	0.00023
2400	0.00024
2500	0.00025
2600	0.00026
2700	0.00027
2800	0.00027
2900	0.00029
3000	0.00029
3100	0.00031
3200	0.00032
3300	0.00033
3400	0.00034
3500	0.00036
3600	0.00037
3700	0.00038
3800	0.0004
3900	0.0004
4000	0.00043
4100	0.00044
4200	0.00043
4300	0.00046
4400	0.00048
4500	0.00049
4600	0.00048
4700	0.00052
4800	0.00053
4900	0.00054
5000	0.00055
5100	0.00056
5200	0.00056
5300	0.00058
5400	0.0006
5500	0.00059
5600	0.00059
5700	0.0006
5800	0.00061
5900	0.00061
6000	0.00064
6100	0.00066
6200	0.00066
6300	0.00069
6400	0.00069
6500	0.0007
6600	0.0007
6700	0.00072
6800	0.00074
6900	0.00074
7000	0.00076
7100	0.00079
7200	0.00078
7300	0.00079
7400	0.0008
7500	0.00083
7600	0.00083
7700	0.00086
7800	0.00086
7900	0.00089
8000	0.00088
8100	0.00094
8200	0.00091
8300	0.00091
8400	0.00093
8500	0.00093
8600	0.00095
8700	0.00095
8800	0.00096
8900	0.00098
9000	0.00098
9100	0.001
9200	0.00101
9300	0.00102
9400	0.00103
9500	0.00105
9600	0.00106
9700	0.00107
9800	0.00108
9900	0.00109
10000	0.001
11000	0.001
12000	0.002
13000	0.001
14000	0.002
15000	0.001
16000	0.002
17000	0.002
18000	0.002
19000	0.003
20000	0.002
21000	0.002
22000	0.003
23000	0.003
24000	0.002
25000	0.004
26000	0.003
27000	0.003
28000	0.004
29000	0.003
30000	0.004
31000	0.004
32000	0.004
33000	0.004
34000	0.004
35000	0.004
36000	0.004
37000	0.005
38000	0.005
39000	0.004
40000	0.006
41000	0.004
42000	0.006
43000	0.005
44000	0.005
45000	0.006
46000	0.006
47000	0.006
48000	0.006
49000	0.006
50000	0.006
51000	0.006
52000	0.007
53000	0.007
54000	0.006
55000	0.008
56000	0.007
57000	0.007
58000	0.008
59000	0.007
60000	0.008
61000	0.007
62000	0.008
63000	0.008
64000	0.008
65000	0.008
66000	0.009
67000	0.009
68000	0.008
69000	0.01
70000	0.008
71000	0.01
72000	0.009
73000	0.009
74000	0.01
75000	0.009
76000	0.01
77000	0.01
78000	0.01
79000	0.011
80000	0.01
81000	0.01
82000	0.011
83000	0.011
84000	0.011
85000	0.011
86000	0.011
87000	0.012
88000	0.011
89000	0.012
90000	0.012
91000	0.012
92000	0.012
93000	0.012
94000	0.012
95000	0.012
96000	0.013
97000	0.013
98000	0.013
99000	0.013
100000	0.014
101000	0.012
111000	0.014
121000	0.018
131000	0.016
141000	0.02
151000	0.02
161000	0.022
171000	0.024
181000	0.024
191000	0.026
201000	0.028
211000	0.03
221000	0.032
231000	0.032
241000	0.034
251000	0.034
261000	0.038
271000	0.038
281000	0.04
291000	0.044
301000	0.042
311000	0.044
321000	0.046
331000	0.046
341000	0.05
351000	0.054
361000	0.052
371000	0.056
381000	0.058
391000	0.056
401000	0.058
411000	0.06
421000	0.062
431000	0.064
441000	0.064
451000	0.07
461000	0.07
471000	0.068
481000	0.072
491000	0.076
501000	0.074
511000	0.078
521000	0.084
531000	0.082
541000	0.084
551000	0.084
561000	0.086
571000	0.088
581000	0.09
591000	0.09
601000	0.094
611000	0.094
621000	0.096
631000	0.098
641000	0.098
651000	0.098
661000	0.1
671000	0.108
681000	0.102
691000	0.104
701000	0.106
711000	0.11
721000	0.11
731000	0.114
741000	0.112
751000	0.114
761000	0.116
771000	0.12
781000	0.118
791000	0.122
801000	0.122
811000	0.124
821000	0.126
831000	0.13
841000	0.132
851000	0.132
861000	0.132
871000	0.132
881000	0.136
891000	0.138
901000	0.14
911000	0.14
921000	0.142
931000	0.142
941000	0.144
951000	0.148
961000	0.146
971000	0.15
981000	0.152
991000	0.154
1001000	0.155
1101000	0.175
1201000	0.195
1301000	0.205
1401000	0.23
1501000	0.245
1601000	0.255
1701000	0.275
1801000	0.295
1901000	0.31
2001000	0.335
2101000	0.355
2201000	0.365
2301000	0.39
2401000	0.405
2501000	0.435
2601000	0.445
2701000	0.455
2801000	0.48
2901000	0.505
3001000	0.515
3101000	0.54
3201000	0.575
3301000	0.6
3401000	0.62
3501000	0.62
3601000	0.645
3701000	0.665
3801000	0.69
3901000	0.7
4001000	0.725
